110805.000 5542.5395 78 3731.4170 69 1 10 0.800000 188.500000 77 14.600000 77 0.000000 6497952 
110806.000 5542.5395 78 3731.4170 69 1 10 0.800000 188.500000 77 14.600000 77 0.000000 6497952 
110807.000 5542.5395 78 3731.4170 69 1 10 0.800000 188.500000 77 14.600000 77 0.000000 6497952 
110808.000 5542.5395 78 3731.4170 69 1 10 0.800000 188.500000 77 14.600000 77 0.000000 6497952 
110809.000 5542.5395 78 3731.4170 69 1 10 0.800000 188.500000 77 14.600000 77 0.000000 6497952 
110810.000 5542.5395 78 3731.4170 69 1 10 0.800000 188.500000 77 14.600000 77 0.000000 6497952 
110811.000 5542.5395 78 3731.4170 69 1 10 0.800000 188.500000 77 14.600000 77 0.000000 6497952 
110812.000 5542.5395 78 3731.4170 69 1 10 0.800000 188.500000 77 14.600000 77 0.000000 6497952 
110813.000 5542.5395 78 3731.4170 69 1 10 0.800000 188.500000 77 14.600000 77 0.000000 6497952 
110814.000 5542.5395 78 3731.4170 69 1 10 0.800000 188.500000 77 14.600000 77 0.000000 6497952 
110815.000 5542.5395 78 3731.4170 69 1 10 0.800000 188.500000 77 14.600000 77 0.000000 6497952 
110816.000 5542.5395 78 3731.4170 69 1 10 0.800000 188.500000 77 14.600000 77 0.000000 6497952 
110817.000 5542.5395 78 3731.4170 69 1 10 0.800000 188.500000 77 14.600000 77 0.000000 6497952 
110818.000 5542.5395 78 3731.4170 69 1 10 0.800000 188.500000 77 14.600000 77 0.000000 6497952 
110819.000 5542.5395 78 3731.4170 69 1 10 0.800000 188.500000 77 14.600000 77 0.000000 6497952 
110820.000 5542.5395 78 3731.4170 69 1 10 0.800000 188.500000 77 14.600000 77 0.000000 6497952 
110821.000 5542.5395 78 3731.4170 69 1 10 0.800000 188.500000 77 14.600000 77 0.000000 6497952 
110822.000 5542.5395 78 3731.4170 69 1 10 0.800000 188.500000 77 14.600000 77 0.000000 6497952 
110823.000 5542.5395 78 3731.4170 69 1 10 0.800000 188.500000 77 14.600000 77 0.000000 6497952 
110824.000 5542.5395 78 3731.4170 69 1 10 0.800000 188.600000 77 14.600000 77 0.000000 6497952 
110825.000 5542.5395 78 3731.4170 69 1 10 0.800000 188.600000 77 14.600000 77 0.000000 6497952 
110826.000 5542.5395 78 3731.4170 69 1 10 0.800000 188.600000 77 14.600000 77 0.000000 6497952 
110827.000 5542.5395 78 3731.4170 69 1 10 0.800000 188.600000 77 14.600000 77 0.000000 6497952 
110828.000 5542.5395 78 3731.4170 69 1 10 0.800000 188.600000 77 14.600000 77 0.000000 6497952 
110829.000 5542.5395 78 3731.4170 69 1 10 0.800000 188.600000 77 14.600000 77 0.000000 6497952 
110830.000 5542.5395 78 3731.4170 69 1 10 0.800000 188.600000 77 14.600000 77 0.000000 6497952 
110831.000 5542.5395 78 3731.4170 69 1 10 0.800000 188.600000 77 14.600000 77 0.000000 6497952 
110832.000 5542.5395 78 3731.4170 69 1 10 0.800000 188.600000 77 14.600000 77 0.000000 6497952 
110833.000 5542.5395 78 3731.4170 69 1 10 0.800000 188.600000 77 14.600000 77 0.000000 6497952 
110834.000 5542.5395 78 3731.4170 69 1 10 0.800000 188.600000 77 14.600000 77 0.000000 6497952 
110835.000 5542.5395 78 3731.4171 69 1 10 0.800000 188.600000 77 14.600000 77 0.000000 6497952 
110836.000 5542.5395 78 3731.4171 69 1 10 0.800000 188.600000 77 14.600000 77 0.000000 6497952 
110837.000 5542.5395 78 3731.4171 69 1 10 0.800000 188.600000 77 14.600000 77 0.000000 6497952 
110838.000 5542.5395 78 3731.4171 69 1 10 0.800000 188.600000 77 14.600000 77 0.000000 6497952 
110839.000 5542.5395 78 3731.4171 69 1 10 0.800000 188.600000 77 14.600000 77 0.000000 6497952 
110840.000 5542.5395 78 3731.4171 69 1 10 0.800000 188.600000 77 14.600000 77 0.000000 6497952 
110841.000 5542.5395 78 3731.4171 69 1 10 0.800000 188.600000 77 14.600000 77 0.000000 6497952 
110842.000 5542.5395 78 3731.4171 69 1 10 0.800000 188.600000 77 14.600000 77 0.000000 6497952 
110843.000 5542.5395 78 3731.4171 69 1 10 0.800000 188.600000 77 14.600000 77 0.000000 6497952 
110844.000 5542.5395 78 3731.4171 69 1 10 0.800000 188.600000 77 14.600000 77 0.000000 6497952 
110845.000 5542.5395 78 3731.4171 69 1 10 0.800000 188.600000 77 14.600000 77 0.000000 6497952 
110846.000 5542.5395 78 3731.4171 69 1 10 0.800000 188.600000 77 14.600000 77 0.000000 6497952 
110847.000 5542.5395 78 3731.4171 69 1 10 0.800000 188.600000 77 14.600000 77 0.000000 6497952 
110848.000 5542.5395 78 3731.4171 69 1 10 0.800000 188.600000 77 14.600000 77 0.000000 6497952 
110849.000 5542.5395 78 3731.4171 69 1 10 0.800000 188.600000 77 14.600000 77 0.000000 6497952 
110850.000 5542.5393 78 3731.4173 69 1 10 0.800000 188.800000 77 14.600000 77 0.000000 6497952 
110851.000 5542.5394 78 3731.4173 69 1 10 0.800000 188.800000 77 14.600000 77 0.000000 6497952 
110852.000 5542.5393 78 3731.4173 69 1 10 0.800000 188.800000 77 14.600000 77 0.000000 6497952 
110853.000 5542.5393 78 3731.4173 69 1 10 0.800000 188.800000 77 14.600000 77 0.000000 6497952 
110854.000 5542.5393 78 3731.4173 69 1 10 0.800000 188.800000 77 14.600000 77 0.000000 6497952 
110855.000 5542.5393 78 3731.4173 69 1 10 0.800000 188.900000 77 14.600000 77 0.000000 6497952 
110856.000 5542.5393 78 3731.4173 69 1 9 1.000000 188.900000 77 14.600000 77 0.000000 6497952 
110857.000 5542.5393 78 3731.4173 69 1 9 1.000000 188.900000 77 14.600000 77 0.000000 6497952 
110858.000 5542.5393 78 3731.4173 69 1 9 1.000000 188.900000 77 14.600000 77 0.000000 6497952 
110859.000 5542.5393 78 3731.4173 69 1 10 0.800000 188.900000 77 14.600000 77 0.000000 6497952 
110900.000 5542.5393 78 3731.4173 69 1 10 0.800000 188.900000 77 14.600000 77 0.000000 6497952 
110901.000 5542.5393 78 3731.4174 69 1 10 0.800000 188.900000 77 14.600000 77 0.000000 6497952 
110902.000 5542.5393 78 3731.4174 69 1 10 0.800000 188.900000 77 14.600000 77 0.000000 6497952 
110903.000 5542.5393 78 3731.4174 69 1 10 0.800000 188.900000 77 14.600000 77 0.000000 6497952 
110904.000 5542.5393 78 3731.4174 69 1 10 0.800000 188.900000 77 14.600000 77 0.000000 6497952 
110905.000 5542.5393 78 3731.4174 69 1 10 0.800000 188.900000 77 14.600000 77 0.000000 6497952 
110906.000 5542.5393 78 3731.4174 69 1 10 0.800000 188.900000 77 14.600000 77 0.000000 6497952 
110907.000 5542.5393 78 3731.4174 69 1 10 0.800000 188.900000 77 14.600000 77 0.000000 6497952 
110908.000 5542.5393 78 3731.4174 69 1 10 0.800000 188.900000 77 14.600000 77 0.000000 6497952 
110909.000 5542.5393 78 3731.4174 69 1 10 0.800000 188.900000 77 14.600000 77 0.000000 6497952 
110910.000 5542.5393 78 3731.4174 69 1 10 0.800000 188.900000 77 14.600000 77 0.000000 6497952 
110911.000 5542.5393 78 3731.4174 69 1 10 0.800000 188.900000 77 14.600000 77 0.000000 6497952 
110912.000 5542.5393 78 3731.4174 69 1 10 0.800000 188.900000 77 14.600000 77 0.000000 6497952 
110913.000 5542.5393 78 3731.4174 69 1 10 0.800000 188.900000 77 14.600000 77 0.000000 6497952 
110914.000 5542.5393 78 3731.4174 69 1 10 0.800000 188.900000 77 14.600000 77 0.000000 6497952 
110915.000 5542.5393 78 3731.4174 69 1 10 0.800000 188.900000 77 14.600000 77 0.000000 6497952 
110916.000 5542.5393 78 3731.4174 69 1 10 0.800000 188.900000 77 14.600000 77 0.000000 6497952 
110917.000 5542.5393 78 3731.4174 69 1 10 0.800000 188.900000 77 14.600000 77 0.000000 6497952 
110918.000 5542.5393 78 3731.4174 69 1 10 0.800000 188.900000 77 14.600000 77 0.000000 6497952 
110919.000 5542.5393 78 3731.4174 69 1 10 0.800000 188.900000 77 14.600000 77 0.000000 6497952 
110920.000 5542.5393 78 3731.4174 69 1 9 1.000000 188.900000 77 14.600000 77 0.000000 6497952 
110921.000 5542.5393 78 3731.4174 69 1 10 0.800000 188.900000 77 14.600000 77 0.000000 6497952 
110922.000 5542.5393 78 3731.4174 69 1 10 0.800000 188.900000 77 14.600000 77 0.000000 6497952 
110923.000 5542.5393 78 3731.4174 69 1 10 0.800000 188.900000 77 14.600000 77 0.000000 6497952 
110924.000 5542.5393 78 3731.4174 69 1 10 0.800000 188.900000 77 14.600000 77 0.000000 6497952 
110925.000 5542.5393 78 3731.4174 69 1 10 0.800000 188.900000 77 14.600000 77 0.000000 6497952 
110926.000 5542.5393 78 3731.4174 69 1 10 0.800000 188.900000 77 14.600000 77 0.000000 6497952 
110927.000 5542.5393 78 3731.4174 69 1 10 0.800000 188.900000 77 14.600000 77 0.000000 6497952 
110928.000 5542.5393 78 3731.4174 69 1 10 0.800000 188.900000 77 14.600000 77 0.000000 6497952 
110929.000 5542.5393 78 3731.4174 69 1 10 0.800000 188.900000 77 14.600000 77 0.000000 6497952 
110930.000 5542.5393 78 3731.4174 69 1 10 0.800000 188.900000 77 14.600000 77 0.000000 6497952 
110931.000 5542.5393 78 3731.4174 69 1 10 0.800000 188.900000 77 14.600000 77 0.000000 6497952 
110932.000 5542.5393 78 3731.4174 69 1 10 0.800000 188.900000 77 14.600000 77 0.000000 6497952 
110933.000 5542.5393 78 3731.4174 69 1 10 0.800000 188.900000 77 14.600000 77 0.000000 6497952 
110934.000 5542.5393 78 3731.4174 69 1 10 0.800000 188.900000 77 14.600000 77 0.000000 6497952 
110935.000 5542.5393 78 3731.4174 69 1 10 0.800000 188.900000 77 14.600000 77 0.000000 6497952 
110936.000 5542.5393 78 3731.4174 69 1 10 0.800000 188.900000 77 14.600000 77 0.000000 6497952 
110937.000 5542.5393 78 3731.4174 69 1 10 0.800000 188.900000 77 14.600000 77 0.000000 6497952 
110938.000 5542.5393 78 3731.4174 69 1 10 0.800000 188.900000 77 14.600000 77 0.000000 6497952 
110939.000 5542.5393 78 3731.4174 69 1 10 0.800000 188.900000 77 14.600000 77 0.000000 6497952 
110940.000 5542.5393 78 3731.4174 69 1 10 0.800000 189.000000 77 14.600000 77 0.000000 6497952 
110941.000 5542.5393 78 3731.4174 69 1 10 0.800000 189.000000 77 14.600000 77 0.000000 6497952 
110942.000 5542.5393 78 3731.4174 69 1 10 0.800000 189.000000 77 14.600000 77 0.000000 6497952 
110943.000 5542.5393 78 3731.4174 69 1 10 0.800000 189.000000 77 14.600000 77 0.000000 6497952 
110944.000 5542.5393 78 3731.4174 69 1 10 0.800000 189.000000 77 14.600000 77 0.000000 6497952 
110945.000 5542.5393 78 3731.4174 69 1 10 0.800000 189.000000 77 14.600000 77 0.000000 6497952 
110946.000 5542.5393 78 3731.4174 69 1 10 0.800000 189.000000 77 14.600000 77 0.000000 6497952 
110947.000 5542.5393 78 3731.4174 69 1 10 0.800000 189.000000 77 14.600000 77 0.000000 6497952 
110948.000 5542.5393 78 3731.4174 69 1 10 0.800000 189.000000 77 14.600000 77 0.000000 6497952 
110949.000 5542.5393 78 3731.4174 69 1 10 0.800000 189.000000 77 14.600000 77 0.000000 6497952 
110950.000 5542.5393 78 3731.4174 69 1 10 0.800000 189.000000 77 14.600000 77 0.000000 6497952 
110951.000 5542.5393 78 3731.4174 69 1 10 0.800000 189.000000 77 14.600000 77 0.000000 6497952 
110952.000 5542.5393 78 3731.4174 69 1 10 0.800000 189.000000 77 14.600000 77 0.000000 6497952 
110953.000 5542.5390 78 3731.4180 69 1 10 0.800000 189.000000 77 14.600000 77 0.000000 6497952 
110954.000 5542.5383 78 3731.4195 69 1 10 0.800000 188.900000 77 14.600000 77 0.000000 6497952 
110955.000 5542.5372 78 3731.4215 69 1 10 0.800000 188.800000 77 14.600000 77 0.000000 6497952 
110956.000 5542.5359 78 3731.4240 69 1 10 0.800000 188.900000 77 14.600000 77 0.000000 6497952 
110957.000 5542.5346 78 3731.4264 69 1 10 0.800000 188.900000 77 14.600000 77 0.000000 6497952 
110958.000 5542.5332 78 3731.4288 69 1 10 0.800000 188.900000 77 14.600000 77 0.000000 6497952 
110959.000 5542.5318 78 3731.4313 69 1 10 0.800000 188.700000 77 14.600000 77 0.000000 6497952 
111000.000 5542.5302 78 3731.4343 69 1 10 0.800000 188.500000 77 14.600000 77 0.000000 6497952 
111001.000 5542.5285 78 3731.4372 69 1 10 0.800000 188.300000 77 14.600000 77 0.000000 6497952 
111002.000 5542.5267 78 3731.4404 69 1 10 0.800000 188.100000 77 14.600000 77 0.000000 6497952 
111003.000 5542.5248 78 3731.4437 69 1 10 0.800000 187.800000 77 14.600000 77 0.000000 6497952 
111004.000 5542.5230 78 3731.4471 69 1 10 0.800000 187.700000 77 14.600000 77 0.000000 6497952 
111005.000 5542.5212 78 3731.4501 69 1 10 0.800000 187.800000 77 14.600000 77 0.000000 6497952 
111006.000 5542.5195 78 3731.4529 69 1 10 0.800000 187.900000 77 14.600000 77 0.000000 6497952 
111007.000 5542.5177 78 3731.4553 69 1 10 0.800000 188.100000 77 14.600000 77 0.000000 6497952 
111008.000 5542.5159 78 3731.4572 69 1 10 0.800000 188.400000 77 14.600000 77 0.000000 6497952 
111009.000 5542.5143 78 3731.4580 69 1 10 0.800000 188.600000 77 14.600000 77 0.000000 6497952 
111010.000 5542.5128 78 3731.4576 69 1 10 0.800000 188.500000 77 14.600000 77 0.000000 6497952 
111011.000 5542.5115 78 3731.4563 69 1 10 0.800000 188.500000 77 14.600000 77 0.000000 6497952 
111012.000 5542.5102 78 3731.4543 69 1 10 0.800000 188.600000 77 14.600000 77 0.000000 6497952 
111013.000 5542.5090 78 3731.4520 69 1 10 0.800000 188.700000 77 14.600000 77 0.000000 6497952 
111014.000 5542.5078 78 3731.4501 69 1 10 0.800000 188.600000 77 14.600000 77 0.000000 6497952 
111015.000 5542.5069 78 3731.4486 69 1 10 0.800000 188.600000 77 14.600000 77 0.000000 6497952 
111016.000 5542.5062 78 3731.4477 69 1 10 0.800000 188.600000 77 14.600000 77 0.000000 6497952 
111017.000 5542.5060 78 3731.4474 69 1 10 0.800000 188.500000 77 14.600000 77 0.000000 6497952 
111018.000 5542.5060 78 3731.4473 69 1 10 0.800000 188.500000 77 14.600000 77 0.000000 6497952 
111019.000 5542.5060 78 3731.4473 69 1 10 0.800000 188.500000 77 14.600000 77 0.000000 6497952 
111020.000 5542.5060 78 3731.4473 69 1 10 0.800000 188.500000 77 14.600000 77 0.000000 6497952 
111021.000 5542.5060 78 3731.4473 69 1 10 0.800000 188.500000 77 14.600000 77 0.000000 6497952 
111022.000 5542.5060 78 3731.4473 69 1 10 0.800000 188.500000 77 14.600000 77 0.000000 6497952 
111023.000 5542.5060 78 3731.4473 69 1 10 0.800000 188.500000 77 14.600000 77 0.000000 6497952 
111024.000 5542.5060 78 3731.4473 69 1 10 0.800000 188.500000 77 14.600000 77 0.000000 6497952 
111025.000 5542.5060 78 3731.4473 69 1 10 0.800000 188.500000 77 14.600000 77 0.000000 6497952 
111026.000 5542.5060 78 3731.4473 69 1 10 0.800000 188.500000 77 14.600000 77 0.000000 6497952 
111027.000 5542.5060 78 3731.4473 69 1 10 0.800000 188.500000 77 14.600000 77 0.000000 6497952 
111028.000 5542.5060 78 3731.4473 69 1 10 0.800000 188.500000 77 14.600000 77 0.000000 6497952 
111029.000 5542.5060 78 3731.4473 69 1 10 0.800000 188.500000 77 14.600000 77 0.000000 6497952 
111030.000 5542.5060 78 3731.4473 69 1 10 0.800000 188.500000 77 14.600000 77 0.000000 6497952 
111031.000 5542.5060 78 3731.4473 69 1 10 0.800000 188.500000 77 14.600000 77 0.000000 6497952 
111032.000 5542.5057 78 3731.4469 69 1 10 0.800000 188.800000 77 14.600000 77 0.000000 6497952 
111033.000 5542.5051 78 3731.4456 69 1 10 0.800000 188.800000 77 14.600000 77 0.000000 6497952 
111034.000 5542.5038 78 3731.4435 69 1 10 0.800000 188.900000 77 14.600000 77 0.000000 6497952 
111035.000 5542.5023 78 3731.4408 69 1 10 0.800000 188.900000 77 14.600000 77 0.000000 6497952 
111036.000 5542.5007 78 3731.4380 69 1 10 0.800000 188.900000 77 14.600000 77 0.000000 6497952 
111037.000 5542.4992 78 3731.4354 69 1 10 0.800000 189.000000 77 14.600000 77 0.000000 6497952 
111038.000 5542.4974 78 3731.4323 69 1 10 0.800000 189.100000 77 14.600000 77 0.000000 6497952 
111039.000 5542.4954 78 3731.4289 69 1 10 0.800000 189.100000 77 14.600000 77 0.000000 6497952 
111040.000 5542.4934 78 3731.4251 69 1 10 0.800000 189.300000 77 14.600000 77 0.000000 6497952 
111041.000 5542.4913 78 3731.4212 69 1 10 0.800000 189.400000 77 14.600000 77 0.000000 6497952 
111042.000 5542.4892 78 3731.4172 69 1 10 0.800000 189.400000 77 14.600000 77 0.000000 6497952 
111043.000 5542.4869 78 3731.4132 69 1 10 0.800000 189.500000 77 14.600000 77 0.000000 6497952 
111044.000 5542.4846 78 3731.4090 69 1 10 0.800000 189.400000 77 14.600000 77 0.000000 6497952 
111045.000 5542.4823 78 3731.4048 69 1 10 0.800000 189.300000 77 14.600000 77 0.000000 6497952 
111046.000 5542.4799 78 3731.4004 69 1 10 0.800000 189.300000 77 14.600000 77 0.000000 6497952 
111047.000 5542.4773 78 3731.3959 69 1 10 0.800000 189.400000 77 14.600000 77 0.000000 6497952 
111048.000 5542.4749 78 3731.3915 69 1 10 0.800000 189.500000 77 14.600000 77 0.000000 6497952 
111049.000 5542.4727 78 3731.3873 69 1 10 0.800000 189.500000 77 14.600000 77 0.000000 6497952 
111050.000 5542.4704 78 3731.3833 69 1 10 0.800000 189.500000 77 14.600000 77 0.000000 6497952 
111051.000 5542.4681 78 3731.3791 69 1 10 0.800000 189.400000 77 14.600000 77 0.000000 6497952 
111052.000 5542.4660 78 3731.3750 69 1 10 0.800000 189.600000 77 14.600000 77 0.000000 6497952 
111053.000 5542.4641 78 3731.3715 69 1 10 0.800000 189.600000 77 14.600000 77 0.000000 6497952 
111054.000 5542.4626 78 3731.3688 69 1 10 0.800000 189.700000 77 14.600000 77 0.000000 6497952 
111055.000 5542.4614 78 3731.3672 69 1 9 0.900000 189.700000 77 14.600000 77 0.000000 6497952 
111056.000 5542.4607 78 3731.3663 69 1 9 0.900000 189.600000 77 14.600000 77 0.000000 6497952 
111057.000 5542.4605 78 3731.3658 69 1 10 0.800000 189.800000 77 14.600000 77 0.000000 6497952 
111058.000 5542.4606 78 3731.3655 69 1 10 0.800000 189.800000 77 14.600000 77 0.000000 6497952 
111059.000 5542.4604 78 3731.3652 69 1 9 0.900000 190.100000 77 14.600000 77 0.000000 6497952 
111100.000 5542.4600 78 3731.3646 69 1 10 0.800000 190.300000 77 14.600000 77 0.000000 6497952 
111101.000 5542.4596 78 3731.3638 69 1 10 0.800000 190.200000 77 14.600000 77 0.000000 6497952 
111102.000 5542.4591 78 3731.3629 69 1 10 0.800000 190.300000 77 14.600000 77 0.000000 6497952 
111103.000 5542.4582 78 3731.3614 69 1 10 0.800000 190.400000 77 14.600000 77 0.000000 6497952 
111104.000 5542.4570 78 3731.3595 69 1 10 0.800000 190.400000 77 14.600000 77 0.000000 6497952 
111105.000 5542.4556 78 3731.3572 69 1 10 0.800000 190.500000 77 14.600000 77 0.000000 6497952 
111106.000 5542.4541 78 3731.3545 69 1 10 0.800000 190.400000 77 14.600000 77 0.000000 6497952 
111107.000 5542.4527 78 3731.3518 69 1 10 0.800000 190.300000 77 14.600000 77 0.000000 6497952 
111108.000 5542.4513 78 3731.3493 69 1 10 0.800000 190.300000 77 14.600000 77 0.000000 6497952 
111109.000 5542.4497 78 3731.3466 69 1 10 0.800000 190.400000 77 14.600000 77 0.000000 6497952 
111110.000 5542.4481 78 3731.3437 69 1 10 0.800000 190.500000 77 14.600000 77 0.000000 6497952 
111111.000 5542.4465 78 3731.3409 69 1 10 0.800000 190.600000 77 14.600000 77 0.000000 6497952 
111112.000 5542.4449 78 3731.3381 69 1 10 0.800000 190.800000 77 14.600000 77 0.000000 6497952 
111113.000 5542.4435 78 3731.3353 69 1 10 0.800000 190.700000 77 14.600000 77 0.000000 6497952 
111114.000 5542.4420 78 3731.3328 69 1 10 0.800000 190.700000 77 14.600000 77 0.000000 6497952 
111115.000 5542.4404 78 3731.3303 69 1 10 0.800000 190.700000 77 14.600000 77 0.000000 6497952 
111116.000 5542.4391 78 3731.3279 69 1 10 0.800000 190.700000 77 14.600000 77 0.000000 6497952 
111117.000 5542.4380 78 3731.3254 69 1 10 0.800000 190.800000 77 14.600000 77 0.000000 6497952 
111118.000 5542.4367 78 3731.3230 69 1 10 0.800000 190.900000 77 14.600000 77 0.000000 6497952 
111119.000 5542.4354 78 3731.3206 69 1 10 0.800000 190.900000 77 14.600000 77 0.000000 6497952 
111120.000 5542.4339 78 3731.3181 69 1 10 0.800000 191.200000 77 14.600000 77 0.000000 6497952 
111121.000 5542.4321 78 3731.3154 69 1 10 0.800000 191.600000 77 14.600000 77 0.000000 6497952 
111122.000 5542.4304 78 3731.3123 69 1 10 0.800000 191.900000 77 14.600000 77 0.000000 6497952 
111123.000 5542.4286 78 3731.3091 69 1 10 0.800000 192.100000 77 14.600000 77 0.000000 6497952 
111124.000 5542.4266 78 3731.3055 69 1 10 0.800000 192.000000 77 14.600000 77 0.000000 6497952 
111125.000 5542.4246 78 3731.3016 69 1 10 0.800000 191.900000 77 14.600000 77 0.000000 6497952 
111126.000 5542.4226 78 3731.2978 69 1 10 0.800000 191.700000 77 14.600000 77 0.000000 6497952 
111127.000 5542.4206 78 3731.2942 69 1 10 0.800000 191.700000 77 14.600000 77 0.000000 6497952 
111128.000 5542.4187 78 3731.2907 69 1 10 0.800000 191.700000 77 14.600000 77 0.000000 6497952 
111129.000 5542.4169 78 3731.2874 69 1 10 0.800000 191.400000 77 14.600000 77 0.000000 6497952 
111130.000 5542.4153 78 3731.2845 69 1 10 0.800000 191.200000 77 14.600000 77 0.000000 6497952 
111131.000 5542.4139 78 3731.2818 69 1 10 0.800000 190.900000 77 14.600000 77 0.000000 6497952 
111132.000 5542.4126 78 3731.2796 69 1 10 0.800000 190.800000 77 14.600000 77 0.000000 6497952 
111133.000 5542.4117 78 3731.2778 69 1 10 0.800000 190.900000 77 14.600000 77 0.000000 6497952 
111134.000 5542.4110 78 3731.2764 69 1 10 0.800000 190.900000 77 14.600000 77 0.000000 6497952 
111135.000 5542.4107 78 3731.2757 69 1 10 0.800000 190.900000 77 14.600000 77 0.000000 6497952 
111136.000 5542.4106 78 3731.2753 69 1 10 0.800000 190.900000 77 14.600000 77 0.000000 6497952 
111137.000 5542.4103 78 3731.2747 69 1 10 0.800000 191.100000 77 14.600000 77 0.000000 6497952 
111138.000 5542.4098 78 3731.2737 69 1 10 0.800000 191.100000 77 14.600000 77 0.000000 6497952 
111139.000 5542.4090 78 3731.2725 69 1 10 0.800000 191.200000 77 14.600000 77 0.000000 6497952 
111140.000 5542.4082 78 3731.2711 69 1 10 0.800000 191.200000 77 14.600000 77 0.000000 6497952 
111141.000 5542.4074 78 3731.2696 69 1 10 0.800000 191.100000 77 14.600000 77 0.000000 6497952 
111142.000 5542.4069 78 3731.2681 69 1 10 0.800000 191.300000 77 14.600000 77 0.000000 6497952 
111143.000 5542.4066 78 3731.2666 69 1 10 0.800000 191.100000 77 14.600000 77 0.000000 6497952 
111144.000 5542.4066 78 3731.2648 69 1 10 0.800000 191.100000 77 14.600000 77 0.000000 6497952 
111145.000 5542.4072 78 3731.2623 69 1 10 0.800000 191.300000 77 14.600000 77 0.000000 6497952 
111146.000 5542.4083 78 3731.2599 69 1 10 0.800000 191.600000 77 14.600000 77 0.000000 6497952 
111147.000 5542.4097 78 3731.2575 69 1 10 0.800000 191.700000 77 14.600000 77 0.000000 6497952 
111148.000 5542.4113 78 3731.2548 69 1 10 0.800000 191.300000 77 14.600000 77 0.000000 6497952 
111149.000 5542.4132 78 3731.2514 69 1 10 0.800000 191.100000 77 14.600000 77 0.000000 6497952 
111150.000 5542.4154 78 3731.2476 69 1 10 0.800000 190.900000 77 14.600000 77 0.000000 6497952 
111151.000 5542.4180 78 3731.2433 69 1 10 0.800000 190.600000 77 14.600000 77 0.000000 6497952 
111152.000 5542.4209 78 3731.2388 69 1 10 0.800000 190.000000 77 14.600000 77 0.000000 6497952 
111153.000 5542.4239 78 3731.2340 69 1 10 0.800000 189.600000 77 14.600000 77 0.000000 6497952 
111154.000 5542.4270 78 3731.2291 69 1 10 0.800000 189.100000 77 14.600000 77 0.000000 6497952 
111155.000 5542.4303 78 3731.2240 69 1 10 0.800000 188.700000 77 14.600000 77 0.000000 6497952 
111156.000 5542.4336 78 3731.2184 69 1 10 0.800000 188.200000 77 14.600000 77 0.000000 6497952 
111157.000 5542.4370 78 3731.2128 69 1 10 0.800000 187.500000 77 14.600000 77 0.000000 6497952 
111158.000 5542.4404 78 3731.2071 69 1 10 0.800000 187.000000 77 14.600000 77 0.000000 6497952 
111159.000 5542.4436 78 3731.2019 69 1 10 0.800000 186.500000 77 14.600000 77 0.000000 6497952 
111200.000 5542.4467 78 3731.1968 69 1 10 0.800000 186.100000 77 14.600000 77 0.000000 6497952 
111201.000 5542.4496 78 3731.1916 69 1 10 0.800000 185.800000 77 14.600000 77 0.000000 6497952 
111202.000 5542.4522 78 3731.1868 69 1 10 0.800000 185.200000 77 14.600000 77 0.000000 6497952 
111203.000 5542.4546 78 3731.1830 69 1 10 0.800000 184.900000 77 14.600000 77 0.000000 6497952 
111204.000 5542.4565 78 3731.1800 69 1 9 0.800000 184.600000 77 14.600000 77 0.000000 6497952 
111205.000 5542.4583 78 3731.1774 69 1 9 0.800000 184.200000 77 14.600000 77 0.000000 6497952 
111206.000 5542.4599 78 3731.1748 69 1 9 0.800000 184.000000 77 14.600000 77 0.000000 6497952 
111207.000 5542.4614 78 3731.1722 69 1 9 0.800000 183.900000 77 14.600000 77 0.000000 6497952 
111208.000 5542.4626 78 3731.1695 69 1 9 0.800000 183.900000 77 14.600000 77 0.000000 6497952 
111209.000 5542.4638 78 3731.1665 69 1 9 0.800000 183.900000 77 14.600000 77 0.000000 6497952 
111210.000 5542.4647 78 3731.1636 69 1 9 0.800000 184.100000 77 14.600000 77 0.000000 6497952 
111211.000 5542.4655 78 3731.1606 69 1 9 0.800000 184.200000 77 14.600000 77 0.000000 6497952 
111212.000 5542.4657 78 3731.1574 69 1 10 0.800000 184.200000 77 14.600000 77 0.000000 6497952 
111213.000 5542.4653 78 3731.1542 69 1 10 0.800000 184.100000 77 14.600000 77 0.000000 6497952 
111214.000 5542.4645 78 3731.1508 69 1 10 0.800000 183.900000 77 14.600000 77 0.000000 6497952 
111215.000 5542.4633 78 3731.1467 69 1 10 0.800000 183.900000 77 14.600000 77 0.000000 6497952 
111216.000 5542.4613 78 3731.1418 69 1 10 0.800000 183.500000 77 14.600000 77 0.000000 6497952 
111217.000 5542.4590 78 3731.1365 69 1 10 0.800000 183.400000 77 14.600000 77 0.000000 6497952 
111218.000 5542.4566 78 3731.1310 69 1 10 0.800000 183.200000 77 14.600000 77 0.000000 6497952 
111219.000 5542.4541 78 3731.1253 69 1 8 1.000000 183.200000 77 14.600000 77 0.000000 6497952 
111220.000 5542.4515 78 3731.1191 69 1 9 0.800000 183.400000 77 14.600000 77 0.000000 6497952 
111221.000 5542.4488 78 3731.1132 69 1 10 0.800000 183.500000 77 14.600000 77 0.000000 6497952 
111222.000 5542.4464 78 3731.1077 69 1 9 0.800000 183.700000 77 14.600000 77 0.000000 6497952 
111223.000 5542.4440 78 3731.1025 69 1 8 1.300000 183.900000 77 14.600000 77 0.000000 6497952 
111224.000 5542.4416 78 3731.0972 69 1 8 1.300000 184.100000 77 14.600000 77 0.000000 6497952 
111225.000 5542.4393 78 3731.0919 69 1 9 0.800000 184.400000 77 14.600000 77 0.000000 6497952 
111226.000 5542.4371 78 3731.0865 69 1 9 0.800000 184.300000 77 14.600000 77 0.000000 6497952 
111227.000 5542.4350 78 3731.0811 69 1 9 0.800000 184.500000 77 14.600000 77 0.000000 6497952 
111228.000 5542.4329 78 3731.0758 69 1 9 0.800000 184.600000 77 14.600000 77 0.000000 6497952 
111229.000 5542.4308 78 3731.0702 69 1 9 0.800000 184.800000 77 14.600000 77 0.000000 6497952 
111230.000 5542.4286 78 3731.0648 69 1 9 0.800000 184.800000 77 14.600000 77 0.000000 6497952 
111231.000 5542.4264 78 3731.0594 69 1 9 0.800000 184.900000 77 14.600000 77 0.000000 6497952 
111232.000 5542.4241 78 3731.0542 69 1 9 0.800000 185.000000 77 14.600000 77 0.000000 6497952 
111233.000 5542.4219 78 3731.0489 69 1 9 0.800000 185.000000 77 14.600000 77 0.000000 6497952 
111234.000 5542.4196 78 3731.0433 69 1 9 0.800000 185.200000 77 14.600000 77 0.000000 6497952 
111235.000 5542.4172 78 3731.0377 69 1 9 1.000000 185.100000 77 14.600000 77 0.000000 6497952 
111236.000 5542.4149 78 3731.0319 69 1 9 1.000000 185.200000 77 14.600000 77 0.000000 6497952 
111237.000 5542.4129 78 3731.0263 69 1 9 1.000000 185.100000 77 14.600000 77 0.000000 6497952 
111238.000 5542.4107 78 3731.0208 69 1 9 1.000000 185.200000 77 14.600000 77 0.000000 6497952 
111239.000 5542.4085 78 3731.0154 69 1 9 1.000000 185.300000 77 14.600000 77 0.000000 6497952 
111240.000 5542.4063 78 3731.0102 69 1 9 1.000000 185.300000 77 14.600000 77 0.000000 6497952 
111241.000 5542.4041 78 3731.0049 69 1 9 1.000000 185.300000 77 14.600000 77 0.000000 6497952 
111242.000 5542.4017 78 3730.9996 69 1 9 1.000000 185.100000 77 14.600000 77 0.000000 6497952 
111243.000 5542.3992 78 3730.9942 69 1 9 1.000000 185.100000 77 14.600000 77 0.000000 6497952 
111244.000 5542.3970 78 3730.9888 69 1 8 1.100000 185.000000 77 14.600000 77 0.000000 6497952 
111245.000 5542.3948 78 3730.9833 69 1 9 1.000000 185.100000 77 14.600000 77 0.000000 6497952 
111246.000 5542.3927 78 3730.9778 69 1 9 1.000000 184.700000 77 14.600000 77 0.000000 6497952 
111247.000 5542.3907 78 3730.9729 69 1 9 1.000000 184.700000 77 14.600000 77 0.000000 6497952 
111248.000 5542.3889 78 3730.9686 69 1 9 1.000000 184.700000 77 14.600000 77 0.000000 6497952 
111249.000 5542.3873 78 3730.9651 69 1 8 1.300000 184.700000 77 14.600000 77 0.000000 6497952 
111250.000 5542.3859 78 3730.9626 69 1 8 1.300000 184.800000 77 14.600000 77 0.000000 6497952 
111251.000 5542.3843 78 3730.9613 69 1 8 1.300000 184.700000 77 14.600000 77 0.000000 6497952 
111252.000 5542.3827 78 3730.9612 69 1 8 1.300000 185.000000 77 14.600000 77 0.000000 6497952 
111253.000 5542.3811 78 3730.9623 69 1 8 1.300000 185.200000 77 14.600000 77 0.000000 6497952 
111254.000 5542.3792 78 3730.9642 69 1 9 0.800000 185.100000 77 14.600000 77 0.000000 6497952 
111255.000 5542.3773 78 3730.9667 69 1 9 0.800000 185.400000 77 14.600000 77 0.000000 6497952 
111256.000 5542.3754 78 3730.9696 69 1 9 0.800000 185.500000 77 14.600000 77 0.000000 6497952 
111257.000 5542.3732 78 3730.9729 69 1 9 0.800000 185.600000 77 14.600000 77 0.000000 6497952 
111258.000 5542.3711 78 3730.9761 69 1 9 0.800000 185.800000 77 14.600000 77 0.000000 6497952 
111259.000 5542.3690 78 3730.9794 69 1 9 0.800000 186.000000 77 14.600000 77 0.000000 6497952 
111300.000 5542.3669 78 3730.9832 69 1 9 0.800000 186.000000 77 14.600000 77 0.000000 6497952 
111301.000 5542.3646 78 3730.9873 69 1 9 0.800000 185.600000 77 14.600000 77 0.000000 6497952 
111302.000 5542.3620 78 3730.9917 69 1 8 1.000000 185.700000 77 14.600000 77 0.000000 6497952 
111303.000 5542.3595 78 3730.9963 69 1 8 1.000000 185.800000 77 14.600000 77 0.000000 6497952 
111304.000 5542.3570 78 3731.0008 69 1 9 0.900000 185.900000 77 14.600000 77 0.000000 6497952 
111305.000 5542.3547 78 3731.0054 69 1 9 0.900000 186.000000 77 14.600000 77 0.000000 6497952 
111306.000 5542.3526 78 3731.0097 69 1 8 1.000000 186.100000 77 14.600000 77 0.000000 6497952 
111307.000 5542.3504 78 3731.0138 69 1 9 0.900000 186.400000 77 14.600000 77 0.000000 6497952 
111308.000 5542.3480 78 3731.0175 69 1 9 0.900000 186.700000 77 14.600000 77 0.000000 6497952 
111309.000 5542.3458 78 3731.0209 69 1 8 1.000000 187.200000 77 14.600000 77 0.000000 6497952 
111310.000 5542.3435 78 3731.0236 69 1 8 1.000000 187.500000 77 14.600000 77 0.000000 6497952 
111311.000 5542.3414 78 3731.0253 69 1 8 1.000000 187.600000 77 14.600000 77 0.000000 6497952 
111312.000 5542.3394 78 3731.0261 69 1 8 1.000000 187.400000 77 14.600000 77 0.000000 6497952 
111313.000 5542.3375 78 3731.0256 69 1 10 0.800000 187.400000 77 14.600000 77 0.000000 6497952 
111314.000 5542.3355 78 3731.0243 69 1 10 0.800000 187.500000 77 14.600000 77 0.000000 6497952 
111315.000 5542.3338 78 3731.0222 69 1 10 0.800000 187.300000 77 14.600000 77 0.000000 6497952 
111316.000 5542.3321 78 3731.0202 69 1 10 0.800000 187.200000 77 14.600000 77 0.000000 6497952 
111317.000 5542.3299 78 3731.0191 69 1 10 0.800000 187.500000 77 14.600000 77 0.000000 6497952 
111318.000 5542.3276 78 3731.0196 69 1 10 0.800000 187.700000 77 14.600000 77 0.000000 6497952 
111319.000 5542.3252 78 3731.0219 69 1 10 0.800000 187.900000 77 14.600000 77 0.000000 6497952 
111320.000 5542.3231 78 3731.0256 69 1 10 0.800000 188.100000 77 14.600000 77 0.000000 6497952 
111321.000 5542.3206 78 3731.0300 69 1 10 0.800000 188.300000 77 14.600000 77 0.000000 6497952 
111322.000 5542.3181 78 3731.0346 69 1 10 0.800000 188.500000 77 14.600000 77 0.000000 6497952 
111323.000 5542.3156 78 3731.0394 69 1 10 0.800000 188.400000 77 14.600000 77 0.000000 6497952 
111324.000 5542.3130 78 3731.0442 69 1 10 0.800000 188.600000 77 14.600000 77 0.000000 6497952 
111325.000 5542.3104 78 3731.0492 69 1 10 0.800000 188.700000 77 14.600000 77 0.000000 6497952 
111326.000 5542.3077 78 3731.0543 69 1 9 0.900000 188.800000 77 14.600000 77 0.000000 6497952 
111327.000 5542.3050 78 3731.0596 69 1 9 0.900000 189.200000 77 14.600000 77 0.000000 6497952 
111328.000 5542.3020 78 3731.0647 69 1 9 0.900000 189.500000 77 14.600000 77 0.000000 6497952 
111329.000 5542.2994 78 3731.0695 69 1 10 0.800000 189.700000 77 14.600000 77 0.000000 6497952 
111330.000 5542.2969 78 3731.0740 69 1 10 0.800000 189.900000 77 14.600000 77 0.000000 6497952 
111331.000 5542.2943 78 3731.0787 69 1 10 0.800000 190.200000 77 14.600000 77 0.000000 6497952 
111332.000 5542.2916 78 3731.0836 69 1 10 0.800000 190.600000 77 14.600000 77 0.000000 6497952 
111333.000 5542.2889 78 3731.0889 69 1 10 0.800000 191.000000 77 14.600000 77 0.000000 6497952 
111334.000 5542.2860 78 3731.0944 69 1 9 0.800000 191.300000 77 14.600000 77 0.000000 6497952 
111335.000 5542.2830 78 3731.0998 69 1 9 0.800000 191.700000 77 14.600000 77 0.000000 6497952 
111336.000 5542.2798 78 3731.1053 69 1 9 0.800000 192.200000 77 14.600000 77 0.000000 6497952 
111337.000 5542.2763 78 3731.1109 69 1 9 0.800000 192.400000 77 14.600000 77 0.000000 6497952 
111338.000 5542.2729 78 3731.1165 69 1 9 0.800000 192.700000 77 14.600000 77 0.000000 6497952 
111339.000 5542.2698 78 3731.1221 69 1 9 0.800000 193.100000 77 14.600000 77 0.000000 6497952 
111340.000 5542.2666 78 3731.1276 69 1 10 0.800000 193.500000 77 14.600000 77 0.000000 6497952 
111341.000 5542.2637 78 3731.1328 69 1 10 0.800000 194.000000 77 14.600000 77 0.000000 6497952 
111342.000 5542.2610 78 3731.1382 69 1 9 0.900000 194.000000 77 14.600000 77 0.000000 6497952 
111343.000 5542.2581 78 3731.1434 69 1 9 0.900000 194.300000 77 14.600000 77 0.000000 6497952 
111344.000 5542.2553 78 3731.1487 69 1 9 0.900000 194.700000 77 14.600000 77 0.000000 6497952 
111345.000 5542.2522 78 3731.1540 69 1 9 0.900000 194.900000 77 14.600000 77 0.000000 6497952 
111346.000 5542.2490 78 3731.1595 69 1 9 0.900000 195.400000 77 14.600000 77 0.000000 6497952 
111347.000 5542.2459 78 3731.1646 69 1 9 0.900000 195.600000 77 14.600000 77 0.000000 6497952 
111348.000 5542.2428 78 3731.1700 69 1 9 0.900000 195.600000 77 14.600000 77 0.000000 6497952 
111349.000 5542.2399 78 3731.1753 69 1 9 0.900000 195.700000 77 14.600000 77 0.000000 6497952 
111350.000 5542.2368 78 3731.1808 69 1 9 0.900000 195.900000 77 14.600000 77 0.000000 6497952 
111351.000 5542.2334 78 3731.1864 69 1 9 0.900000 196.400000 77 14.600000 77 0.000000 6497952 
111352.000 5542.2301 78 3731.1921 69 1 9 0.900000 196.800000 77 14.600000 77 0.000000 6497952 
111353.000 5542.2268 78 3731.1980 69 1 10 0.800000 197.200000 77 14.600000 77 0.000000 6497952 
111354.000 5542.2234 78 3731.2039 69 1 10 0.800000 197.100000 77 14.600000 77 0.000000 6497952 
111355.000 5542.2200 78 3731.2097 69 1 10 0.800000 197.200000 77 14.600000 77 0.000000 6497952 
111356.000 5542.2164 78 3731.2155 69 1 9 1.000000 197.500000 77 14.600000 77 0.000000 6497952 
111357.000 5542.2131 78 3731.2213 69 1 10 0.800000 197.800000 77 14.600000 77 0.000000 6497952 
111358.000 5542.2097 78 3731.2271 69 1 10 0.800000 197.700000 77 14.600000 77 0.000000 6497952 
111359.000 5542.2064 78 3731.2328 69 1 10 0.800000 197.600000 77 14.600000 77 0.000000 6497952 
111400.000 5542.2032 78 3731.2382 69 1 10 0.800000 197.600000 77 14.600000 77 0.000000 6497952 
111401.000 5542.2000 78 3731.2436 69 1 10 0.800000 197.300000 77 14.600000 77 0.000000 6497952 
111402.000 5542.1966 78 3731.2488 69 1 10 0.800000 197.600000 77 14.600000 77 0.000000 6497952 
111403.000 5542.1933 78 3731.2540 69 1 9 1.000000 197.600000 77 14.600000 77 0.000000 6497952 
111404.000 5542.1903 78 3731.2589 69 1 9 0.900000 197.600000 77 14.600000 77 0.000000 6497952 
111405.000 5542.1874 78 3731.2636 69 1 9 0.900000 197.600000 77 14.600000 77 0.000000 6497952 
111406.000 5542.1850 78 3731.2677 69 1 10 0.800000 197.600000 77 14.600000 77 0.000000 6497952 
111407.000 5542.1830 78 3731.2716 69 1 10 0.800000 197.700000 77 14.600000 77 0.000000 6497952 
111408.000 5542.1821 78 3731.2757 69 1 10 0.800000 197.800000 77 14.600000 77 0.000000 6497952 
111409.000 5542.1824 78 3731.2799 69 1 10 0.800000 197.700000 77 14.600000 77 0.000000 6497952 
111410.000 5542.1836 78 3731.2837 69 1 10 0.800000 197.500000 77 14.600000 77 0.000000 6497952 
111411.000 5542.1849 78 3731.2881 69 1 10 0.800000 197.800000 77 14.600000 77 0.000000 6497952 
111412.000 5542.1870 78 3731.2925 69 1 9 0.900000 198.000000 77 14.600000 77 0.000000 6497952 
111413.000 5542.1896 78 3731.2973 69 1 9 0.900000 198.400000 77 14.600000 77 0.000000 6497952 
111414.000 5542.1922 78 3731.3023 69 1 9 0.900000 198.900000 77 14.600000 77 0.000000 6497952 
111415.000 5542.1950 78 3731.3074 69 1 9 0.900000 199.200000 77 14.600000 77 0.000000 6497952 
111416.000 5542.1975 78 3731.3125 69 1 9 0.900000 199.500000 77 14.600000 77 0.000000 6497952 
111417.000 5542.2001 78 3731.3176 69 1 10 0.800000 199.900000 77 14.600000 77 0.000000 6497952 
111418.000 5542.2024 78 3731.3225 69 1 10 0.800000 200.000000 77 14.600000 77 0.000000 6497952 
111419.000 5542.2047 78 3731.3269 69 1 10 0.800000 199.900000 77 14.600000 77 0.000000 6497952 
111420.000 5542.2069 78 3731.3308 69 1 10 0.800000 200.100000 77 14.600000 77 0.000000 6497952 
111421.000 5542.2088 78 3731.3342 69 1 10 0.800000 200.200000 77 14.600000 77 0.000000 6497952 
111422.000 5542.2104 78 3731.3370 69 1 10 0.800000 200.300000 77 14.600000 77 0.000000 6497952 
111423.000 5542.2117 78 3731.3390 69 1 10 0.800000 200.400000 77 14.600000 77 0.000000 6497952 
111424.000 5542.2126 78 3731.3400 69 1 10 0.800000 200.500000 77 14.600000 77 0.000000 6497952 
111425.000 5542.2131 78 3731.3405 69 1 9 0.900000 200.500000 77 14.600000 77 0.000000 6497952 
111426.000 5542.2132 78 3731.3409 69 1 9 0.900000 200.400000 77 14.600000 77 0.000000 6497952 
111427.000 5542.2133 78 3731.3409 69 1 9 0.900000 200.500000 77 14.600000 77 0.000000 6497952 
111428.000 5542.2133 78 3731.3409 69 1 9 0.900000 200.500000 77 14.600000 77 0.000000 6497952 
111429.000 5542.2133 78 3731.3409 69 1 9 0.900000 200.500000 77 14.600000 77 0.000000 6497952 
111430.000 5542.2133 78 3731.3409 69 1 9 0.900000 200.500000 77 14.600000 77 0.000000 6497952 
111431.000 5542.2133 78 3731.3409 69 1 9 0.900000 200.500000 77 14.600000 77 0.000000 6497952 
111432.000 5542.2133 78 3731.3409 69 1 9 0.900000 200.500000 77 14.600000 77 0.000000 6497952 
111433.000 5542.2133 78 3731.3409 69 1 9 0.900000 200.500000 77 14.600000 77 0.000000 6497952 
111434.000 5542.2133 78 3731.3409 69 1 9 0.900000 200.500000 77 14.600000 77 0.000000 6497952 
111435.000 5542.2133 78 3731.3409 69 1 9 0.900000 200.500000 77 14.600000 77 0.000000 6497952 
111436.000 5542.2133 78 3731.3409 69 1 9 0.900000 200.500000 77 14.600000 77 0.000000 6497952 
111437.000 5542.2133 78 3731.3409 69 1 9 0.900000 200.500000 77 14.600000 77 0.000000 6497952 
111438.000 5542.2133 78 3731.3409 69 1 9 0.900000 200.500000 77 14.600000 77 0.000000 6497952 
111439.000 5542.2133 78 3731.3409 69 1 9 0.900000 200.500000 77 14.600000 77 0.000000 6497952 
111440.000 5542.2133 78 3731.3409 69 1 9 0.900000 200.500000 77 14.600000 77 0.000000 6497952 
111441.000 5542.2133 78 3731.3409 69 1 9 0.900000 200.500000 77 14.600000 77 0.000000 6497952 
111442.000 5542.2133 78 3731.3409 69 1 9 0.900000 200.500000 77 14.600000 77 0.000000 6497952 
111443.000 5542.2133 78 3731.3409 69 1 9 0.900000 200.500000 77 14.600000 77 0.000000 6497952 
111444.000 5542.2133 78 3731.3410 69 1 9 0.900000 200.300000 77 14.600000 77 0.000000 6497952 
111445.000 5542.2137 78 3731.3419 69 1 9 0.900000 200.400000 77 14.600000 77 0.000000 6497952 
111446.000 5542.2148 78 3731.3439 69 1 9 0.900000 200.300000 77 14.600000 77 0.000000 6497952 
111447.000 5542.2162 78 3731.3466 69 1 9 0.900000 200.400000 77 14.600000 77 0.000000 6497952 
111448.000 5542.2178 78 3731.3494 69 1 9 0.900000 200.500000 77 14.600000 77 0.000000 6497952 
111449.000 5542.2194 78 3731.3521 69 1 9 0.900000 200.400000 77 14.600000 77 0.000000 6497952 
111450.000 5542.2213 78 3731.3550 69 1 9 0.900000 200.600000 77 14.600000 77 0.000000 6497952 
111451.000 5542.2232 78 3731.3579 69 1 9 0.900000 200.900000 77 14.600000 77 0.000000 6497952 
111452.000 5542.2252 78 3731.3609 69 1 9 0.900000 201.000000 77 14.600000 77 0.000000 6497952 
111453.000 5542.2272 78 3731.3637 69 1 9 0.900000 201.000000 77 14.600000 77 0.000000 6497952 
111454.000 5542.2291 78 3731.3665 69 1 9 0.900000 201.000000 77 14.600000 77 0.000000 6497952 
111455.000 5542.2308 78 3731.3694 69 1 9 0.900000 201.000000 77 14.600000 77 0.000000 6497952 
111456.000 5542.2325 78 3731.3725 69 1 9 0.900000 201.200000 77 14.600000 77 0.000000 6497952 
111457.000 5542.2343 78 3731.3757 69 1 9 0.900000 201.300000 77 14.600000 77 0.000000 6497952 
111458.000 5542.2362 78 3731.3789 69 1 9 0.900000 201.300000 77 14.600000 77 0.000000 6497952 
111459.000 5542.2382 78 3731.3820 69 1 9 0.900000 201.300000 77 14.600000 77 0.000000 6497952 
111500.000 5542.2399 78 3731.3853 69 1 9 0.900000 201.000000 77 14.600000 77 0.000000 6497952 
111501.000 5542.2419 78 3731.3891 69 1 9 0.900000 200.800000 77 14.600000 77 0.000000 6497952 
111502.000 5542.2439 78 3731.3929 69 1 9 0.900000 200.600000 77 14.600000 77 0.000000 6497952 
111503.000 5542.2460 78 3731.3966 69 1 9 0.900000 200.300000 77 14.600000 77 0.000000 6497952 
111504.000 5542.2479 78 3731.4003 69 1 9 0.900000 200.000000 77 14.600000 77 0.000000 6497952 
111505.000 5542.2498 78 3731.4042 69 1 9 0.900000 200.100000 77 14.600000 77 0.000000 6497952 
111506.000 5542.2519 78 3731.4080 69 1 9 0.900000 200.200000 77 14.600000 77 0.000000 6497952 
111507.000 5542.2540 78 3731.4116 69 1 10 0.800000 200.000000 77 14.600000 77 0.000000 6497952 
111508.000 5542.2559 78 3731.4150 69 1 10 0.800000 200.100000 77 14.600000 77 0.000000 6497952 
111509.000 5542.2577 78 3731.4182 69 1 10 0.800000 200.100000 77 14.600000 77 0.000000 6497952 
111510.000 5542.2594 78 3731.4211 69 1 10 0.800000 200.100000 77 14.600000 77 0.000000 6497952 
111511.000 5542.2610 78 3731.4240 69 1 10 0.800000 200.000000 77 14.600000 77 0.000000 6497952 
111512.000 5542.2624 78 3731.4267 69 1 10 0.800000 199.800000 77 14.600000 77 0.000000 6497952 
111513.000 5542.2636 78 3731.4291 69 1 10 0.800000 199.600000 77 14.600000 77 0.000000 6497952 
111514.000 5542.2645 78 3731.4313 69 1 10 0.800000 199.500000 77 14.600000 77 0.000000 6497952 
111515.000 5542.2648 78 3731.4333 69 1 10 0.800000 199.100000 77 14.600000 77 0.000000 6497952 
111516.000 5542.2650 78 3731.4350 69 1 10 0.800000 199.000000 77 14.600000 77 0.000000 6497952 
111517.000 5542.2652 78 3731.4361 69 1 10 0.800000 198.900000 77 14.600000 77 0.000000 6497952 
111518.000 5542.2654 78 3731.4371 69 1 10 0.800000 198.800000 77 14.600000 77 0.000000 6497952 
111519.000 5542.2659 78 3731.4380 69 1 10 0.800000 198.400000 77 14.600000 77 0.000000 6497952 
111520.000 5542.2664 78 3731.4386 69 1 10 0.800000 198.400000 77 14.600000 77 0.000000 6497952 
111521.000 5542.2665 78 3731.4390 69 1 10 0.800000 198.200000 77 14.600000 77 0.000000 6497952 
111522.000 5542.2666 78 3731.4390 69 1 10 0.800000 198.300000 77 14.600000 77 0.000000 6497952 
111523.000 5542.2666 78 3731.4390 69 1 10 0.800000 198.300000 77 14.600000 77 0.000000 6497952 
111524.000 5542.2666 78 3731.4390 69 1 10 0.800000 198.300000 77 14.600000 77 0.000000 6497952 
111525.000 5542.2666 78 3731.4390 69 1 10 0.800000 198.300000 77 14.600000 77 0.000000 6497952 
111526.000 5542.2666 78 3731.4390 69 1 10 0.800000 198.300000 77 14.600000 77 0.000000 6497952 
111527.000 5542.2666 78 3731.4390 69 1 10 0.800000 198.300000 77 14.600000 77 0.000000 6497952 
111528.000 5542.2666 78 3731.4390 69 1 10 0.800000 198.300000 77 14.600000 77 0.000000 6497952 
111529.000 5542.2666 78 3731.4390 69 1 10 0.800000 198.300000 77 14.600000 77 0.000000 6497952 
111530.000 5542.2666 78 3731.4390 69 1 10 0.800000 198.300000 77 14.600000 77 0.000000 6497952 
111531.000 5542.2666 78 3731.4390 69 1 10 0.800000 198.300000 77 14.600000 77 0.000000 6497952 
111532.000 5542.2666 78 3731.4390 69 1 10 0.800000 198.300000 77 14.600000 77 0.000000 6497952 
111533.000 5542.2666 78 3731.4390 69 1 10 0.800000 198.300000 77 14.600000 77 0.000000 6497952 
111534.000 5542.2666 78 3731.4390 69 1 10 0.800000 198.300000 77 14.600000 77 0.000000 6497952 
111535.000 5542.2666 78 3731.4390 69 1 10 0.800000 198.300000 77 14.600000 77 0.000000 6497952 
111536.000 5542.2666 78 3731.4390 69 1 10 0.800000 198.300000 77 14.600000 77 0.000000 6497952 
111537.000 5542.2666 78 3731.4390 69 1 10 0.800000 198.300000 77 14.600000 77 0.000000 6497952 
111538.000 5542.2666 78 3731.4391 69 1 10 0.800000 198.400000 77 14.600000 77 0.000000 6497952 
111539.000 5542.2671 78 3731.4394 69 1 10 0.800000 198.500000 77 14.600000 77 0.000000 6497952 
111540.000 5542.2677 78 3731.4397 69 1 10 0.800000 198.500000 77 14.600000 77 0.000000 6497952 
111541.000 5542.2687 78 3731.4402 69 1 10 0.800000 198.600000 77 14.600000 77 0.000000 6497952 
111542.000 5542.2703 78 3731.4410 69 1 10 0.800000 198.700000 77 14.600000 77 0.000000 6497952 
111543.000 5542.2717 78 3731.4428 69 1 10 0.800000 199.000000 77 14.600000 77 0.000000 6497952 
111544.000 5542.2729 78 3731.4450 69 1 10 0.800000 199.000000 77 14.600000 77 0.000000 6497952 
111545.000 5542.2740 78 3731.4478 69 1 10 0.800000 199.000000 77 14.600000 77 0.000000 6497952 
111546.000 5542.2754 78 3731.4508 69 1 10 0.800000 198.800000 77 14.600000 77 0.000000 6497952 
111547.000 5542.2768 78 3731.4539 69 1 10 0.800000 198.600000 77 14.600000 77 0.000000 6497952 
111548.000 5542.2780 78 3731.4566 69 1 10 0.800000 198.500000 77 14.600000 77 0.000000 6497952 
111549.000 5542.2792 78 3731.4590 69 1 10 0.800000 198.400000 77 14.600000 77 0.000000 6497952 
111550.000 5542.2801 78 3731.4609 69 1 10 0.800000 198.400000 77 14.600000 77 0.000000 6497952 
111551.000 5542.2806 78 3731.4622 69 1 10 0.800000 198.500000 77 14.600000 77 0.000000 6497952 
111552.000 5542.2811 78 3731.4630 69 1 10 0.800000 198.700000 77 14.600000 77 0.000000 6497952 
111553.000 5542.2813 78 3731.4635 69 1 10 0.800000 198.600000 77 14.600000 77 0.000000 6497952 
111554.000 5542.2815 78 3731.4638 69 1 10 0.800000 198.700000 77 14.600000 77 0.000000 6497952 
111555.000 5542.2817 78 3731.4640 69 1 10 0.800000 198.400000 77 14.600000 77 0.000000 6497952 
111556.000 5542.2818 78 3731.4641 69 1 10 0.800000 198.300000 77 14.600000 77 0.000000 6497952 
111557.000 5542.2818 78 3731.4642 69 1 10 0.800000 198.500000 77 14.600000 77 0.000000 6497952 
111558.000 5542.2819 78 3731.4642 69 1 10 0.800000 198.400000 77 14.600000 77 0.000000 6497952 
111559.000 5542.2821 78 3731.4643 69 1 10 0.800000 198.500000 77 14.600000 77 0.000000 6497952 
111600.000 5542.2823 78 3731.4647 69 1 10 0.800000 198.700000 77 14.600000 77 0.000000 6497952 
111601.000 5542.2828 78 3731.4655 69 1 10 0.800000 198.800000 77 14.600000 77 0.000000 6497952 
111602.000 5542.2836 78 3731.4668 69 1 10 0.800000 198.700000 77 14.600000 77 0.000000 6497952 
111603.000 5542.2846 78 3731.4685 69 1 10 0.800000 198.600000 77 14.600000 77 0.000000 6497952 
111604.000 5542.2858 78 3731.4702 69 1 10 0.800000 198.500000 77 14.600000 77 0.000000 6497952 
111605.000 5542.2872 78 3731.4713 69 1 10 0.800000 198.400000 77 14.600000 77 0.000000 6497952 
111606.000 5542.2890 78 3731.4716 69 1 10 0.800000 198.200000 77 14.600000 77 0.000000 6497952 
111607.000 5542.2907 78 3731.4709 69 1 10 0.800000 198.000000 77 14.600000 77 0.000000 6497952 
111608.000 5542.2927 78 3731.4688 69 1 10 0.800000 197.900000 77 14.600000 77 0.000000 6497952 
111609.000 5542.2947 78 3731.4657 69 1 10 0.800000 197.900000 77 14.600000 77 0.000000 6497952 
111610.000 5542.2971 78 3731.4620 69 1 10 0.800000 198.100000 77 14.600000 77 0.000000 6497952 
111611.000 5542.2997 78 3731.4579 69 1 10 0.800000 198.000000 77 14.600000 77 0.000000 6497952 
111612.000 5542.3024 78 3731.4533 69 1 10 0.800000 198.000000 77 14.600000 77 0.000000 6497952 
111613.000 5542.3051 78 3731.4486 69 1 10 0.800000 197.900000 77 14.600000 77 0.000000 6497952 
111614.000 5542.3078 78 3731.4440 69 1 10 0.800000 197.800000 77 14.600000 77 0.000000 6497952 
111615.000 5542.3106 78 3731.4392 69 1 9 0.800000 198.000000 77 14.600000 77 0.000000 6497952 
111616.000 5542.3134 78 3731.4343 69 1 9 0.800000 197.800000 77 14.600000 77 0.000000 6497952 
111617.000 5542.3163 78 3731.4291 69 1 10 0.800000 197.700000 77 14.600000 77 0.000000 6497952 
111618.000 5542.3193 78 3731.4235 69 1 10 0.800000 197.500000 77 14.600000 77 0.000000 6497952 
111619.000 5542.3224 78 3731.4181 69 1 10 0.800000 197.500000 77 14.600000 77 0.000000 6497952 
111620.000 5542.3254 78 3731.4127 69 1 10 0.800000 197.500000 77 14.600000 77 0.000000 6497952 
111621.000 5542.3284 78 3731.4070 69 1 10 0.800000 197.600000 77 14.600000 77 0.000000 6497952 
111622.000 5542.3315 78 3731.4017 69 1 10 0.800000 197.400000 77 14.600000 77 0.000000 6497952 
111623.000 5542.3346 78 3731.3963 69 1 10 0.800000 197.300000 77 14.600000 77 0.000000 6497952 
111624.000 5542.3374 78 3731.3910 69 1 10 0.800000 197.100000 77 14.600000 77 0.000000 6497952 
111625.000 5542.3401 78 3731.3855 69 1 10 0.800000 197.200000 77 14.600000 77 0.000000 6497952 
111626.000 5542.3427 78 3731.3801 69 1 10 0.800000 197.000000 77 14.600000 77 0.000000 6497952 
111627.000 5542.3454 78 3731.3754 69 1 9 0.800000 197.200000 77 14.600000 77 0.000000 6497952 
111628.000 5542.3482 78 3731.3707 69 1 10 0.800000 197.100000 77 14.600000 77 0.000000 6497952 
111629.000 5542.3508 78 3731.3660 69 1 9 0.800000 197.100000 77 14.600000 77 0.000000 6497952 
111630.000 5542.3536 78 3731.3612 69 1 9 0.800000 197.000000 77 14.600000 77 0.000000 6497952 
111631.000 5542.3563 78 3731.3565 69 1 10 0.800000 197.000000 77 14.600000 77 0.000000 6497952 
111632.000 5542.3590 78 3731.3517 69 1 10 0.800000 196.800000 77 14.600000 77 0.000000 6497952 
111633.000 5542.3619 78 3731.3468 69 1 10 0.800000 196.700000 77 14.600000 77 0.000000 6497952 
111634.000 5542.3648 78 3731.3417 69 1 10 0.800000 196.600000 77 14.600000 77 0.000000 6497952 
111635.000 5542.3678 78 3731.3365 69 1 10 0.800000 196.200000 77 14.600000 77 0.000000 6497952 
111636.000 5542.3708 78 3731.3315 69 1 10 0.800000 195.900000 77 14.600000 77 0.000000 6497952 
111637.000 5542.3738 78 3731.3264 69 1 10 0.800000 195.700000 77 14.600000 77 0.000000 6497952 
111638.000 5542.3767 78 3731.3215 69 1 10 0.800000 195.200000 77 14.600000 77 0.000000 6497952 
111639.000 5542.3794 78 3731.3166 69 1 10 0.800000 195.000000 77 14.600000 77 0.000000 6497952 
111640.000 5542.3822 78 3731.3115 69 1 10 0.800000 195.100000 77 14.600000 77 0.000000 6497952 
111641.000 5542.3848 78 3731.3068 69 1 10 0.800000 195.000000 77 14.600000 77 0.000000 6497952 
111642.000 5542.3873 78 3731.3022 69 1 10 0.800000 194.800000 77 14.600000 77 0.000000 6497952 
111643.000 5542.3895 78 3731.2983 69 1 9 0.800000 194.600000 77 14.600000 77 0.000000 6497952 
111644.000 5542.3914 78 3731.2951 69 1 10 0.800000 194.500000 77 14.600000 77 0.000000 6497952 
111645.000 5542.3930 78 3731.2921 69 1 10 0.800000 194.200000 77 14.600000 77 0.000000 6497952 
111646.000 5542.3949 78 3731.2890 69 1 9 0.800000 194.000000 77 14.600000 77 0.000000 6497952 
111647.000 5542.3967 78 3731.2858 69 1 9 0.800000 193.800000 77 14.600000 77 0.000000 6497952 
111648.000 5542.3986 78 3731.2823 69 1 9 0.800000 193.700000 77 14.600000 77 0.000000 6497952 
111649.000 5542.4006 78 3731.2787 69 1 9 0.800000 193.500000 77 14.600000 77 0.000000 6497952 
111650.000 5542.4025 78 3731.2754 69 1 9 0.800000 193.400000 77 14.600000 77 0.000000 6497952 
111651.000 5542.4040 78 3731.2734 69 1 9 0.800000 193.600000 77 14.600000 77 0.000000 6497952 
111652.000 5542.4056 78 3731.2726 69 1 9 0.800000 193.300000 77 14.600000 77 0.000000 6497952 
111653.000 5542.4073 78 3731.2729 69 1 9 0.800000 193.100000 77 14.600000 77 0.000000 6497952 
111654.000 5542.4091 78 3731.2743 69 1 9 0.800000 193.000000 77 14.600000 77 0.000000 6497952 
111655.000 5542.4107 78 3731.2762 69 1 10 0.800000 193.000000 77 14.600000 77 0.000000 6497952 
111656.000 5542.4123 78 3731.2784 69 1 10 0.800000 192.900000 77 14.600000 77 0.000000 6497952 
111657.000 5542.4139 78 3731.2809 69 1 10 0.800000 192.900000 77 14.600000 77 0.000000 6497952 
111658.000 5542.4154 78 3731.2836 69 1 10 0.800000 192.900000 77 14.600000 77 0.000000 6497952 
111659.000 5542.4171 78 3731.2868 69 1 10 0.800000 193.000000 77 14.600000 77 0.000000 6497952 
111700.000 5542.4193 78 3731.2910 69 1 10 0.800000 193.200000 77 14.600000 77 0.000000 6497952 
111701.000 5542.4217 78 3731.2956 69 1 10 0.800000 193.300000 77 14.600000 77 0.000000 6497952 
111702.000 5542.4245 78 3731.3007 69 1 10 0.800000 193.400000 77 14.600000 77 0.000000 6497952 
111703.000 5542.4273 78 3731.3057 69 1 9 1.000000 193.500000 77 14.600000 77 0.000000 6497952 
111704.000 5542.4300 78 3731.3104 69 1 10 0.800000 193.400000 77 14.600000 77 0.000000 6497952 
111705.000 5542.4325 78 3731.3150 69 1 10 0.800000 193.600000 77 14.600000 77 0.000000 6497952 
111706.000 5542.4350 78 3731.3194 69 1 10 0.800000 193.800000 77 14.600000 77 0.000000 6497952 
111707.000 5542.4373 78 3731.3235 69 1 10 0.800000 193.900000 77 14.600000 77 0.000000 6497952 
111708.000 5542.4392 78 3731.3271 69 1 10 0.800000 193.700000 77 14.600000 77 0.000000 6497952 
111709.000 5542.4407 78 3731.3299 69 1 10 0.800000 193.400000 77 14.600000 77 0.000000 6497952 
111710.000 5542.4418 78 3731.3321 69 1 10 0.800000 193.200000 77 14.600000 77 0.000000 6497952 
111711.000 5542.4426 78 3731.3337 69 1 10 0.800000 193.100000 77 14.600000 77 0.000000 6497952 
111712.000 5542.4432 78 3731.3347 69 1 10 0.800000 193.000000 77 14.600000 77 0.000000 6497952 
111713.000 5542.4436 78 3731.3356 69 1 10 0.800000 192.700000 77 14.600000 77 0.000000 6497952 
111714.000 5542.4441 78 3731.3365 69 1 10 0.800000 192.700000 77 14.600000 77 0.000000 6497952 
111715.000 5542.4446 78 3731.3374 69 1 10 0.800000 192.600000 77 14.600000 77 0.000000 6497952 
111716.000 5542.4450 78 3731.3383 69 1 10 0.800000 192.600000 77 14.600000 77 0.000000 6497952 
111717.000 5542.4455 78 3731.3395 69 1 10 0.800000 192.500000 77 14.600000 77 0.000000 6497952 
111718.000 5542.4460 78 3731.3406 69 1 10 0.800000 192.500000 77 14.600000 77 0.000000 6497952 
111719.000 5542.4466 78 3731.3417 69 1 10 0.800000 192.500000 77 14.600000 77 0.000000 6497952 
111720.000 5542.4473 78 3731.3431 69 1 10 0.800000 192.500000 77 14.600000 77 0.000000 6497952 
111721.000 5542.4481 78 3731.3446 69 1 10 0.800000 192.400000 77 14.600000 77 0.000000 6497952 
111722.000 5542.4489 78 3731.3462 69 1 10 0.800000 192.400000 77 14.600000 77 0.000000 6497952 
111723.000 5542.4498 78 3731.3478 69 1 10 0.800000 192.200000 77 14.600000 77 0.000000 6497952 
111724.000 5542.4506 78 3731.3496 69 1 10 0.800000 192.000000 77 14.600000 77 0.000000 6497952 
111725.000 5542.4514 78 3731.3514 69 1 10 0.800000 191.900000 77 14.600000 77 0.000000 6497952 
111726.000 5542.4524 78 3731.3534 69 1 10 0.800000 191.800000 77 14.600000 77 0.000000 6497952 
111727.000 5542.4536 78 3731.3554 69 1 10 0.800000 191.700000 77 14.600000 77 0.000000 6497952 
111728.000 5542.4548 78 3731.3576 69 1 10 0.800000 191.700000 77 14.600000 77 0.000000 6497952 
111729.000 5542.4562 78 3731.3599 69 1 10 0.800000 191.800000 77 14.600000 77 0.000000 6497952 
111730.000 5542.4576 78 3731.3624 69 1 10 0.800000 192.000000 77 14.600000 77 0.000000 6497952 
111731.000 5542.4591 78 3731.3650 69 1 10 0.800000 192.000000 77 14.600000 77 0.000000 6497952 
111732.000 5542.4606 78 3731.3676 69 1 10 0.800000 192.100000 77 14.600000 77 0.000000 6497952 
111733.000 5542.4619 78 3731.3701 69 1 10 0.800000 191.900000 77 14.600000 77 0.000000 6497952 
111734.000 5542.4633 78 3731.3726 69 1 10 0.800000 191.900000 77 14.600000 77 0.000000 6497952 
111735.000 5542.4646 78 3731.3749 69 1 10 0.800000 192.000000 77 14.600000 77 0.000000 6497952 
111736.000 5542.4658 78 3731.3769 69 1 10 0.800000 192.000000 77 14.600000 77 0.000000 6497952 
111737.000 5542.4670 78 3731.3788 69 1 10 0.800000 192.100000 77 14.600000 77 0.000000 6497952 
111738.000 5542.4681 78 3731.3809 69 1 10 0.800000 192.100000 77 14.600000 77 0.000000 6497952 
111739.000 5542.4693 78 3731.3832 69 1 10 0.800000 191.900000 77 14.600000 77 0.000000 6497952 
111740.000 5542.4708 78 3731.3859 69 1 10 0.800000 191.700000 77 14.600000 77 0.000000 6497952 
111741.000 5542.4726 78 3731.3889 69 1 9 0.900000 191.700000 77 14.600000 77 0.000000 6497952 
111742.000 5542.4746 78 3731.3920 69 1 9 0.900000 191.400000 77 14.600000 77 0.000000 6497952 
111743.000 5542.4765 78 3731.3953 69 1 9 0.900000 191.400000 77 14.600000 77 0.000000 6497952 
111744.000 5542.4787 78 3731.3985 69 1 10 0.800000 191.200000 77 14.600000 77 0.000000 6497952 
111745.000 5542.4808 78 3731.4020 69 1 10 0.800000 191.200000 77 14.600000 77 0.000000 6497952 
111746.000 5542.4828 78 3731.4057 69 1 10 0.800000 191.100000 77 14.600000 77 0.000000 6497952 
111747.000 5542.4850 78 3731.4095 69 1 10 0.800000 191.000000 77 14.600000 77 0.000000 6497952 
111748.000 5542.4870 78 3731.4138 69 1 10 0.800000 191.100000 77 14.600000 77 0.000000 6497952 
111749.000 5542.4889 78 3731.4182 69 1 9 1.000000 190.900000 77 14.600000 77 0.000000 6497952 
111750.000 5542.4910 78 3731.4225 69 1 10 0.800000 190.800000 77 14.600000 77 0.000000 6497952 
111751.000 5542.4932 78 3731.4268 69 1 10 0.800000 190.700000 77 14.600000 77 0.000000 6497952 
111752.000 5542.4953 78 3731.4311 69 1 10 0.800000 190.700000 77 14.600000 77 0.000000 6497952 
111753.000 5542.4975 78 3731.4353 69 1 10 0.800000 190.900000 77 14.600000 77 0.000000 6497952 
111754.000 5542.4997 78 3731.4393 69 1 10 0.800000 190.800000 77 14.600000 77 0.000000 6497952 
111755.000 5542.5018 78 3731.4432 69 1 10 0.800000 190.600000 77 14.600000 77 0.000000 6497952 
111756.000 5542.5039 78 3731.4469 69 1 10 0.800000 190.500000 77 14.600000 77 0.000000 6497952 
111757.000 5542.5060 78 3731.4505 69 1 10 0.800000 190.400000 77 14.600000 77 0.000000 6497952 
111758.000 5542.5079 78 3731.4538 69 1 10 0.800000 190.200000 77 14.600000 77 0.000000 6497952 
111759.000 5542.5097 78 3731.4570 69 1 10 0.800000 190.100000 77 14.600000 77 0.000000 6497952 
111800.000 5542.5115 78 3731.4594 69 1 10 0.800000 190.000000 77 14.600000 77 0.000000 6497952 
111801.000 5542.5135 78 3731.4607 69 1 10 0.800000 189.900000 77 14.600000 77 0.000000 6497952 
111802.000 5542.5155 78 3731.4607 69 1 10 0.800000 189.900000 77 14.600000 77 0.000000 6497952 
111803.000 5542.5173 78 3731.4597 69 1 10 0.800000 189.600000 77 14.600000 77 0.000000 6497952 
111804.000 5542.5191 78 3731.4578 69 1 10 0.800000 189.400000 77 14.600000 77 0.000000 6497952 
111805.000 5542.5207 78 3731.4552 69 1 10 0.800000 189.400000 77 14.600000 77 0.000000 6497952 
111806.000 5542.5225 78 3731.4521 69 1 10 0.800000 189.200000 77 14.600000 77 0.000000 6497952 
111807.000 5542.5244 78 3731.4486 69 1 10 0.800000 189.200000 77 14.600000 77 0.000000 6497952 
111808.000 5542.5263 78 3731.4451 69 1 10 0.800000 189.000000 77 14.600000 77 0.000000 6497952 
111809.000 5542.5282 78 3731.4419 69 1 10 0.800000 189.000000 77 14.600000 77 0.000000 6497952 
111810.000 5542.5301 78 3731.4386 69 1 10 0.800000 188.900000 77 14.600000 77 0.000000 6497952 
111811.000 5542.5320 78 3731.4353 69 1 10 0.800000 188.800000 77 14.600000 77 0.000000 6497952 
111812.000 5542.5339 78 3731.4320 69 1 10 0.800000 188.900000 77 14.600000 77 0.000000 6497952 
111813.000 5542.5357 78 3731.4288 69 1 10 0.800000 188.900000 77 14.600000 77 0.000000 6497952 
111814.000 5542.5374 78 3731.4256 69 1 9 1.000000 188.800000 77 14.600000 77 0.000000 6497952 
111815.000 5542.5390 78 3731.4227 69 1 10 0.800000 188.800000 77 14.600000 77 0.000000 6497952 
111816.000 5542.5402 78 3731.4195 69 1 10 0.800000 188.800000 77 14.600000 77 0.000000 6497952 
111817.000 5542.5409 78 3731.4160 69 1 10 0.800000 188.900000 77 14.600000 77 0.000000 6497952 
111818.000 5542.5413 78 3731.4120 69 1 10 0.800000 188.700000 77 14.600000 77 0.000000 6497952 
111819.000 5542.5415 78 3731.4079 69 1 10 0.800000 188.500000 77 14.600000 77 0.000000 6497952 
111820.000 5542.5420 78 3731.4039 69 1 10 0.800000 188.300000 77 14.600000 77 0.000000 6497952 
111821.000 5542.5428 78 3731.4002 69 1 10 0.800000 188.000000 77 14.600000 77 0.000000 6497952 
111822.000 5542.5443 78 3731.3964 69 1 10 0.800000 188.000000 77 14.600000 77 0.000000 6497952 
111823.000 5542.5456 78 3731.3927 69 1 9 0.900000 188.000000 77 14.600000 77 0.000000 6497952 
111824.000 5542.5468 78 3731.3890 69 1 9 0.900000 188.100000 77 14.600000 77 0.000000 6497952 
111825.000 5542.5480 78 3731.3853 69 1 9 0.900000 188.200000 77 14.600000 77 0.000000 6497952 
111826.000 5542.5492 78 3731.3815 69 1 9 0.900000 188.200000 77 14.600000 77 0.000000 6497952 
111827.000 5542.5503 78 3731.3777 69 1 10 0.800000 188.400000 77 14.600000 77 0.000000 6497952 
111828.000 5542.5516 78 3731.3740 69 1 10 0.800000 188.400000 77 14.600000 77 0.000000 6497952 
111829.000 5542.5531 78 3731.3712 69 1 10 0.800000 188.300000 77 14.600000 77 0.000000 6497952 
111830.000 5542.5549 78 3731.3699 69 1 10 0.800000 188.400000 77 14.600000 77 0.000000 6497952 
111831.000 5542.5566 78 3731.3700 69 1 10 0.800000 188.500000 77 14.600000 77 0.000000 6497952 
111832.000 5542.5582 78 3731.3718 69 1 10 0.800000 188.500000 77 14.600000 77 0.000000 6497952 
111833.000 5542.5598 78 3731.3744 69 1 10 0.800000 188.600000 77 14.600000 77 0.000000 6497952 
111834.000 5542.5613 78 3731.3776 69 1 10 0.800000 188.800000 77 14.600000 77 0.000000 6497952 
111835.000 5542.5629 78 3731.3808 69 1 10 0.800000 188.900000 77 14.600000 77 0.000000 6497952 
111836.000 5542.5645 78 3731.3839 69 1 10 0.800000 189.000000 77 14.600000 77 0.000000 6497952 
111837.000 5542.5660 78 3731.3869 69 1 10 0.800000 189.100000 77 14.600000 77 0.000000 6497952 
111838.000 5542.5669 78 3731.3897 69 1 10 0.800000 188.900000 77 14.600000 77 0.000000 6497952 
111839.000 5542.5672 78 3731.3924 69 1 10 0.800000 189.000000 77 14.600000 77 0.000000 6497952 
111840.000 5542.5669 78 3731.3953 69 1 10 0.800000 189.100000 77 14.600000 77 0.000000 6497952 
111841.000 5542.5661 78 3731.3981 69 1 10 0.800000 189.400000 77 14.600000 77 0.000000 6497952 
111842.000 5542.5652 78 3731.4006 69 1 10 0.800000 189.900000 77 14.600000 77 0.000000 6497952 
111843.000 5542.5633 78 3731.4031 69 1 10 0.800000 189.800000 77 14.600000 77 0.000000 6497952 
111844.000 5542.5611 78 3731.4056 69 1 10 0.800000 189.800000 77 14.600000 77 0.000000 6497952 
111845.000 5542.5587 78 3731.4079 69 1 10 0.800000 189.900000 77 14.600000 77 0.000000 6497952 
111846.000 5542.5566 78 3731.4102 69 1 10 0.800000 189.900000 77 14.600000 77 0.000000 6497952 
111847.000 5542.5545 78 3731.4127 69 1 10 0.800000 190.400000 77 14.600000 77 0.000000 6497952 
111848.000 5542.5525 78 3731.4151 69 1 10 0.800000 190.200000 77 14.600000 77 0.000000 6497952 
111849.000 5542.5505 78 3731.4171 69 1 10 0.800000 189.700000 77 14.600000 77 0.000000 6497952 
111850.000 5542.5489 78 3731.4184 69 1 10 0.800000 190.100000 77 14.600000 77 0.000000 6497952 
111851.000 5542.5472 78 3731.4187 69 1 10 0.800000 190.300000 77 14.600000 77 0.000000 6497952 
111852.000 5542.5455 78 3731.4183 69 1 10 0.800000 190.200000 77 14.600000 77 0.000000 6497952 
111853.000 5542.5437 78 3731.4170 69 1 10 0.800000 189.900000 77 14.600000 77 0.000000 6497952 
111854.000 5542.5422 78 3731.4158 69 1 10 0.800000 189.800000 77 14.600000 77 0.000000 6497952 
111855.000 5542.5408 78 3731.4154 69 1 10 0.800000 189.500000 77 14.600000 77 0.000000 6497952 
111856.000 5542.5398 78 3731.4162 69 1 10 0.800000 189.400000 77 14.600000 77 0.000000 6497952 
111857.000 5542.5393 78 3731.4172 69 1 10 0.800000 189.400000 77 14.600000 77 0.000000 6497952 
111858.000 5542.5391 78 3731.4178 69 1 10 0.800000 189.300000 77 14.600000 77 0.000000 6497952 
111859.000 5542.5391 78 3731.4178 69 1 10 0.800000 189.300000 77 14.600000 77 0.000000 6497952 
111900.000 5542.5392 78 3731.4177 69 1 10 0.800000 189.400000 77 14.600000 77 0.000000 6497952 
111901.000 5542.5392 78 3731.4177 69 1 10 0.800000 189.500000 77 14.600000 77 0.000000 6497952 
111902.000 5542.5392 78 3731.4177 69 1 10 0.800000 189.500000 77 14.600000 77 0.000000 6497952 
111903.000 5542.5392 78 3731.4177 69 1 10 0.800000 189.500000 77 14.600000 77 0.000000 6497952 
111904.000 5542.5392 78 3731.4177 69 1 10 0.800000 189.500000 77 14.600000 77 0.000000 6497952 
111905.000 5542.5392 78 3731.4177 69 1 10 0.800000 189.500000 77 14.600000 77 0.000000 6497952 
111906.000 5542.5392 78 3731.4177 69 1 10 0.800000 189.500000 77 14.600000 77 0.000000 6497952 
111907.000 5542.5392 78 3731.4177 69 1 10 0.800000 189.500000 77 14.600000 77 0.000000 6497952 
111908.000 5542.5392 78 3731.4177 69 1 10 0.800000 189.500000 77 14.600000 77 0.000000 6497952 
111909.000 5542.5392 78 3731.4177 69 1 10 0.800000 189.500000 77 14.600000 77 0.000000 6497952 
111910.000 5542.5392 78 3731.4177 69 1 10 0.800000 189.500000 77 14.600000 77 0.000000 6497952 
111911.000 5542.5392 78 3731.4176 69 1 10 0.800000 189.500000 77 14.600000 77 0.000000 6497952 
111912.000 5542.5392 78 3731.4176 69 1 10 0.800000 189.500000 77 14.600000 77 0.000000 6497952 
111913.000 5542.5392 78 3731.4176 69 1 10 0.800000 189.500000 77 14.600000 77 0.000000 6497952 
111914.000 5542.5392 78 3731.4176 69 1 10 0.800000 189.500000 77 14.600000 77 0.000000 6497952 
111915.000 5542.5392 78 3731.4176 69 1 10 0.800000 189.500000 77 14.600000 77 0.000000 6497952 
111916.000 5542.5392 78 3731.4176 69 1 10 0.800000 189.500000 77 14.600000 77 0.000000 6497952 
111917.000 5542.5392 78 3731.4176 69 1 10 0.800000 189.500000 77 14.600000 77 0.000000 6497952 
111918.000 5542.5392 78 3731.4177 69 1 10 0.800000 189.500000 77 14.600000 77 0.000000 6497952 
111919.000 5542.5392 78 3731.4177 69 1 10 0.800000 189.500000 77 14.600000 77 0.000000 6497952 
111920.000 5542.5392 78 3731.4177 69 1 10 0.800000 189.500000 77 14.600000 77 0.000000 6497952 
111921.000 5542.5392 78 3731.4177 69 1 10 0.800000 189.500000 77 14.600000 77 0.000000 6497952 
111922.000 5542.5392 78 3731.4177 69 1 10 0.800000 189.500000 77 14.600000 77 0.000000 6497952 
111923.000 5542.5392 78 3731.4177 69 1 10 0.800000 189.500000 77 14.600000 77 0.000000 6497952 
111924.000 5542.5392 78 3731.4177 69 1 10 0.800000 189.500000 77 14.600000 77 0.000000 6497952 
111925.000 5542.5392 78 3731.4177 69 1 10 0.800000 189.500000 77 14.600000 77 0.000000 6497952 
111926.000 5542.5392 78 3731.4177 69 1 10 0.800000 189.500000 77 14.600000 77 0.000000 6497952 
111927.000 5542.5392 78 3731.4177 69 1 10 0.800000 189.500000 77 14.600000 77 0.000000 6497952 
111928.000 5542.5392 78 3731.4177 69 1 10 0.800000 189.500000 77 14.600000 77 0.000000 6497952 
111929.000 5542.5392 78 3731.4177 69 1 10 0.800000 189.500000 77 14.600000 77 0.000000 6497952 
111930.000 5542.5392 78 3731.4177 69 1 10 0.800000 189.500000 77 14.600000 77 0.000000 6497952 
111931.000 5542.5392 78 3731.4177 69 1 10 0.800000 189.500000 77 14.600000 77 0.000000 6497952 
111932.000 5542.5392 78 3731.4177 69 1 10 0.800000 189.500000 77 14.600000 77 0.000000 6497952 
111933.000 5542.5392 78 3731.4177 69 1 10 0.800000 189.500000 77 14.600000 77 0.000000 6497952 
111934.000 5542.5392 78 3731.4176 69 1 10 0.800000 189.500000 77 14.600000 77 0.000000 6497952 
111935.000 5542.5392 78 3731.4176 69 1 10 0.800000 189.500000 77 14.600000 77 0.000000 6497952 
111936.000 5542.5392 78 3731.4176 69 1 10 0.800000 189.500000 77 14.600000 77 0.000000 6497952 
111937.000 5542.5392 78 3731.4176 69 1 10 0.800000 189.500000 77 14.600000 77 0.000000 6497952 
111938.000 5542.5392 78 3731.4176 69 1 10 0.800000 189.500000 77 14.600000 77 0.000000 6497952 
111939.000 5542.5392 78 3731.4176 69 1 10 0.800000 189.500000 77 14.600000 77 0.000000 6497952 
111940.000 5542.5392 78 3731.4176 69 1 10 0.800000 189.500000 77 14.600000 77 0.000000 6497952 
111941.000 5542.5392 78 3731.4177 69 1 10 0.800000 189.500000 77 14.600000 77 0.000000 6497952 
111942.000 5542.5392 78 3731.4177 69 1 10 0.800000 189.500000 77 14.600000 77 0.000000 6497952 
111943.000 5542.5392 78 3731.4177 69 1 10 0.800000 189.600000 77 14.600000 77 0.000000 6497952 
111944.000 5542.5392 78 3731.4177 69 1 10 0.800000 189.600000 77 14.600000 77 0.000000 6497952 
111945.000 5542.5392 78 3731.4177 69 1 10 0.800000 189.600000 77 14.600000 77 0.000000 6497952 
111946.000 5542.5392 78 3731.4177 69 1 10 0.800000 189.600000 77 14.600000 77 0.000000 6497952 
111947.000 5542.5392 78 3731.4177 69 1 10 0.800000 189.600000 77 14.600000 77 0.000000 6497952 
111948.000 5542.5392 78 3731.4177 69 1 10 0.800000 189.600000 77 14.600000 77 0.000000 6497952 
111949.000 5542.5392 78 3731.4177 69 1 10 0.800000 189.600000 77 14.600000 77 0.000000 6497952 
111950.000 5542.5392 78 3731.4177 69 1 10 0.800000 189.600000 77 14.600000 77 0.000000 6497952 
111951.000 5542.5392 78 3731.4177 69 1 10 0.800000 189.600000 77 14.600000 77 0.000000 6497952 
111952.000 5542.5392 78 3731.4177 69 1 10 0.800000 189.600000 77 14.600000 77 0.000000 6497952 
111953.000 5542.5392 78 3731.4177 69 1 10 0.800000 189.600000 77 14.600000 77 0.000000 6497952 
111954.000 5542.5392 78 3731.4177 69 1 10 0.800000 189.600000 77 14.600000 77 0.000000 6497952 
111955.000 5542.5392 78 3731.4177 69 1 10 0.800000 189.600000 77 14.600000 77 0.000000 6497952 
111956.000 5542.5392 78 3731.4177 69 1 10 0.800000 189.600000 77 14.600000 77 0.000000 6497952 
111957.000 5542.5392 78 3731.4177 69 1 10 0.800000 189.600000 77 14.600000 77 0.000000 6497952 
111958.000 5542.5392 78 3731.4177 69 1 10 0.800000 189.600000 77 14.600000 77 0.000000 6497952 
111959.000 5542.5392 78 3731.4177 69 1 10 0.800000 189.600000 77 14.600000 77 0.000000 6497952 
112000.000 5542.5392 78 3731.4177 69 1 10 0.800000 189.500000 77 14.600000 77 0.000000 6497952 
112001.000 5542.5392 78 3731.4177 69 1 10 0.800000 189.500000 77 14.600000 77 0.000000 6497952 
112002.000 5542.5392 78 3731.4177 69 1 10 0.800000 189.500000 77 14.600000 77 0.000000 6497952 
112003.000 5542.5392 78 3731.4177 69 1 10 0.800000 189.500000 77 14.600000 77 0.000000 6497952 
112004.000 5542.5392 78 3731.4177 69 1 10 0.800000 189.500000 77 14.600000 77 0.000000 6497952 
112005.000 5542.5392 78 3731.4177 69 1 10 0.800000 189.500000 77 14.600000 77 0.000000 6497952 
112006.000 5542.5392 78 3731.4177 69 1 10 0.800000 189.500000 77 14.600000 77 0.000000 6497952 
112007.000 5542.5392 78 3731.4177 69 1 10 0.800000 189.500000 77 14.600000 77 0.000000 6497952 
112008.000 5542.5392 78 3731.4177 69 1 10 0.800000 189.500000 77 14.600000 77 0.000000 6497952 
112009.000 5542.5392 78 3731.4177 69 1 10 0.800000 189.500000 77 14.600000 77 0.000000 6497952 
112010.000 5542.5392 78 3731.4177 69 1 10 0.800000 189.500000 77 14.600000 77 0.000000 6497952 
112011.000 5542.5392 78 3731.4177 69 1 10 0.800000 189.500000 77 14.600000 77 0.000000 6497952 
112012.000 5542.5392 78 3731.4177 69 1 10 0.800000 189.500000 77 14.600000 77 0.000000 6497952 
112013.000 5542.5392 78 3731.4177 69 1 10 0.800000 189.500000 77 14.600000 77 0.000000 6497952 
112014.000 5542.5392 78 3731.4177 69 1 10 0.800000 189.500000 77 14.600000 77 0.000000 6497952 
112015.000 5542.5392 78 3731.4177 69 1 10 0.800000 189.500000 77 14.600000 77 0.000000 6497952 
112016.000 5542.5392 78 3731.4177 69 1 10 0.800000 189.500000 77 14.600000 77 0.000000 6497952 
112017.000 5542.5392 78 3731.4177 69 1 10 0.800000 189.500000 77 14.600000 77 0.000000 6497952 
112018.000 5542.5392 78 3731.4177 69 1 10 0.800000 189.500000 77 14.600000 77 0.000000 6497952 
112019.000 5542.5392 78 3731.4177 69 1 10 0.800000 189.500000 77 14.600000 77 0.000000 6497952 
112020.000 5542.5392 78 3731.4177 69 1 10 0.800000 189.500000 77 14.600000 77 0.000000 6497952 
112021.000 5542.5392 78 3731.4177 69 1 10 0.800000 189.500000 77 14.600000 77 0.000000 6497952 
112022.000 5542.5392 78 3731.4177 69 1 10 0.800000 189.500000 77 14.600000 77 0.000000 6497952 
112023.000 5542.5392 78 3731.4177 69 1 10 0.800000 189.500000 77 14.600000 77 0.000000 6497952 
112024.000 5542.5392 78 3731.4176 69 1 10 0.800000 189.500000 77 14.600000 77 0.000000 6497952 
112025.000 5542.5392 78 3731.4176 69 1 10 0.800000 189.500000 77 14.600000 77 0.000000 6497952 
112026.000 5542.5392 78 3731.4176 69 1 10 0.800000 189.500000 77 14.600000 77 0.000000 6497952 
112027.000 5542.5392 78 3731.4176 69 1 10 0.800000 189.500000 77 14.600000 77 0.000000 6497952 
112028.000 5542.5392 78 3731.4176 69 1 10 0.800000 189.500000 77 14.600000 77 0.000000 6497952 
112029.000 5542.5392 78 3731.4176 69 1 10 0.800000 189.500000 77 14.600000 77 0.000000 6497952 
112030.000 5542.5392 78 3731.4176 69 1 10 0.800000 189.500000 77 14.600000 77 0.000000 6497952 
112031.000 5542.5392 78 3731.4176 69 1 10 0.800000 189.500000 77 14.600000 77 0.000000 6497952 
112032.000 5542.5392 78 3731.4176 69 1 10 0.800000 189.500000 77 14.600000 77 0.000000 6497952 
112033.000 5542.5392 78 3731.4176 69 1 10 0.800000 189.500000 77 14.600000 77 0.000000 6497952 
112034.000 5542.5392 78 3731.4176 69 1 10 0.800000 189.500000 77 14.600000 77 0.000000 6497952 
112035.000 5542.5392 78 3731.4176 69 1 10 0.800000 189.500000 77 14.600000 77 0.000000 6497952 
112036.000 5542.5392 78 3731.4176 69 1 10 0.800000 189.500000 77 14.600000 77 0.000000 6497952 
112037.000 5542.5392 78 3731.4176 69 1 10 0.800000 189.500000 77 14.600000 77 0.000000 6497952 
112038.000 5542.5392 78 3731.4176 69 1 10 0.800000 189.500000 77 14.600000 77 0.000000 6497952 
112039.000 5542.5392 78 3731.4176 69 1 10 0.800000 189.500000 77 14.600000 77 0.000000 6497952 
112040.000 5542.5392 78 3731.4176 69 1 10 0.800000 189.500000 77 14.600000 77 0.000000 6497952 
112041.000 5542.5392 78 3731.4176 69 1 10 0.800000 189.500000 77 14.600000 77 0.000000 6497952 
112042.000 5542.5392 78 3731.4176 69 1 10 0.800000 189.500000 77 14.600000 77 0.000000 6497952 
112043.000 5542.5392 78 3731.4176 69 1 10 0.800000 189.500000 77 14.600000 77 0.000000 6497952 
112044.000 5542.5392 78 3731.4176 69 1 10 0.800000 189.500000 77 14.600000 77 0.000000 6497952 
